# Blender 3.5.0
# www.blender.org
mtllib staircase.mtl
o Cube
v 0.502013 -0.001578 -12.479911
v 0.502013 2.380462 -12.498292
v 0.502007 -0.001573 -12.479205
v 0.502007 2.380467 -12.497586
v -0.974538 -0.001684 -12.493648
v -0.974538 2.380356 -12.512029
v -0.974544 -0.001679 -12.492942
v -0.974544 2.380361 -12.511323
vn 1.0000 0.0001 0.0093
vn -0.0093 0.0077 0.9999
vn -1.0000 -0.0001 -0.0093
vn 0.0093 -0.0077 -0.9999
vn -0.0000 -1.0000 0.0077
vn -0.0000 1.0000 -0.0077
vt 0.375000 0.000000
vt 0.375000 1.000000
vt 0.125000 0.750000
vt 0.625000 0.000000
vt 0.625000 1.000000
vt 0.875000 0.750000
vt 0.375000 0.250000
vt 0.125000 0.500000
vt 0.625000 0.250000
vt 0.875000 0.500000
vt 0.375000 0.750000
vt 0.625000 0.750000
vt 0.375000 0.500000
vt 0.625000 0.500000
s 0
f 1/1/1 2/4/1 4/9/1 3/7/1
f 3/7/2 4/9/2 8/14/2 7/13/2
f 7/13/3 8/14/3 6/12/3 5/11/3
f 5/11/4 6/12/4 2/5/4 1/2/4
f 3/8/5 7/13/5 5/11/5 1/3/5
f 8/14/6 4/10/6 2/6/6 6/12/6
o Cube.001
v 0.615545 -3.458038 -7.336034
v 0.615545 -0.254903 -7.360751
v 0.595632 -3.441522 -5.195662
v 0.595632 -0.238387 -5.220380
v -0.730014 -3.458135 -7.348551
v -0.730014 -0.255000 -7.373269
v -0.749927 -3.441618 -5.208180
v -0.749927 -0.238483 -5.232898
vn 1.0000 0.0001 0.0093
vn -0.0093 0.0077 0.9999
vn -1.0000 -0.0001 -0.0093
vn 0.0093 -0.0077 -0.9999
vn -0.0000 -1.0000 0.0077
vn -0.0000 1.0000 -0.0077
vt 0.375000 0.000000
vt 0.375000 1.000000
vt 0.125000 0.750000
vt 0.625000 0.000000
vt 0.625000 1.000000
vt 0.875000 0.750000
vt 0.375000 0.250000
vt 0.125000 0.500000
vt 0.625000 0.250000
vt 0.875000 0.500000
vt 0.375000 0.750000
vt 0.625000 0.750000
vt 0.375000 0.500000
vt 0.625000 0.500000
s 0
f 9/15/7 10/18/7 12/23/7 11/21/7
f 11/21/8 12/23/8 16/28/8 15/27/8
f 15/27/9 16/28/9 14/26/9 13/25/9
f 13/25/10 14/26/10 10/19/10 9/16/10
f 11/22/11 15/27/11 13/25/11 9/17/11
f 16/28/12 12/24/12 10/20/12 14/26/12
o Cube.002
v 0.615545 -3.458038 -9.463468
v 0.615545 -0.254903 -9.488185
v 0.595632 -3.441522 -7.323096
v 0.595632 -0.238387 -7.347814
v -0.730014 -3.458135 -9.475985
v -0.730014 -0.255000 -9.500703
v -0.749927 -3.441618 -7.335614
v -0.749927 -0.238483 -7.360332
vn 1.0000 0.0001 0.0093
vn -0.0093 0.0077 0.9999
vn -1.0000 -0.0001 -0.0093
vn 0.0093 -0.0077 -0.9999
vn -0.0000 -1.0000 0.0077
vn -0.0000 1.0000 -0.0077
vt 0.375000 0.000000
vt 0.375000 1.000000
vt 0.125000 0.750000
vt 0.625000 0.000000
vt 0.625000 1.000000
vt 0.875000 0.750000
vt 0.375000 0.250000
vt 0.125000 0.500000
vt 0.625000 0.250000
vt 0.875000 0.500000
vt 0.375000 0.750000
vt 0.625000 0.750000
vt 0.375000 0.500000
vt 0.625000 0.500000
s 0
f 17/29/13 18/32/13 20/37/13 19/35/13
f 19/35/14 20/37/14 24/42/14 23/41/14
f 23/41/15 24/42/15 22/40/15 21/39/15
f 21/39/16 22/40/16 18/33/16 17/30/16
f 19/36/17 23/41/17 21/39/17 17/31/17
f 24/42/18 20/38/18 18/34/18 22/40/18
o Cube.003
v 0.615545 -3.151431 -9.463468
v 0.615545 0.051704 -9.488185
v 0.595632 -3.134914 -7.323096
v 0.595632 0.068221 -7.347814
v -0.730014 -3.151527 -9.475985
v -0.730014 0.051608 -9.500703
v -0.749927 -3.135011 -7.335614
v -0.749927 0.068124 -7.360332
vn 1.0000 0.0001 0.0093
vn -0.0093 0.0077 0.9999
vn -1.0000 -0.0001 -0.0093
vn 0.0093 -0.0077 -0.9999
vn -0.0000 -1.0000 0.0077
vn -0.0000 1.0000 -0.0077
vt 0.375000 0.000000
vt 0.375000 1.000000
vt 0.125000 0.750000
vt 0.625000 0.000000
vt 0.625000 1.000000
vt 0.875000 0.750000
vt 0.375000 0.250000
vt 0.125000 0.500000
vt 0.625000 0.250000
vt 0.875000 0.500000
vt 0.375000 0.750000
vt 0.625000 0.750000
vt 0.375000 0.500000
vt 0.625000 0.500000
s 0
f 25/43/19 26/46/19 28/51/19 27/49/19
f 27/49/20 28/51/20 32/56/20 31/55/20
f 31/55/21 32/56/21 30/54/21 29/53/21
f 29/53/22 30/54/22 26/47/22 25/44/22
f 27/50/23 31/55/23 29/53/23 25/45/23
f 32/56/24 28/52/24 26/48/24 30/54/24
o Cube.004
v 0.615545 -2.852390 -9.764932
v 0.615545 0.350745 -9.789649
v 0.595632 -2.835874 -7.624560
v 0.595632 0.367262 -7.649278
v -0.730014 -2.852487 -9.777449
v -0.730014 0.350648 -9.802167
v -0.749927 -2.835970 -7.637078
v -0.749927 0.367165 -7.661796
vn 1.0000 0.0001 0.0093
vn -0.0093 0.0077 0.9999
vn -1.0000 -0.0001 -0.0093
vn 0.0093 -0.0077 -0.9999
vn -0.0000 -1.0000 0.0077
vn -0.0000 1.0000 -0.0077
vt 0.375000 0.000000
vt 0.375000 1.000000
vt 0.125000 0.750000
vt 0.625000 0.000000
vt 0.625000 1.000000
vt 0.875000 0.750000
vt 0.375000 0.250000
vt 0.125000 0.500000
vt 0.625000 0.250000
vt 0.875000 0.500000
vt 0.375000 0.750000
vt 0.625000 0.750000
vt 0.375000 0.500000
vt 0.625000 0.500000
s 0
f 33/57/25 34/60/25 36/65/25 35/63/25
f 35/63/26 36/65/26 40/70/26 39/69/26
f 39/69/27 40/70/27 38/68/27 37/67/27
f 37/67/28 38/68/28 34/61/28 33/58/28
f 35/64/29 39/69/29 37/67/29 33/59/29
f 40/70/30 36/66/30 34/62/30 38/68/30
o Cube.005
v 0.615545 -2.538311 -10.066003
v 0.615545 0.664824 -10.090720
v 0.595632 -2.521794 -7.925632
v 0.595632 0.681341 -7.950349
v -0.730014 -2.538408 -10.078520
v -0.730014 0.664728 -10.103238
v -0.749927 -2.521891 -7.938149
v -0.749927 0.681244 -7.962867
vn 1.0000 0.0001 0.0093
vn -0.0093 0.0077 0.9999
vn -1.0000 -0.0001 -0.0093
vn 0.0093 -0.0077 -0.9999
vn -0.0000 -1.0000 0.0077
vn -0.0000 1.0000 -0.0077
vt 0.375000 0.000000
vt 0.375000 1.000000
vt 0.125000 0.750000
vt 0.625000 0.000000
vt 0.625000 1.000000
vt 0.875000 0.750000
vt 0.375000 0.250000
vt 0.125000 0.500000
vt 0.625000 0.250000
vt 0.875000 0.500000
vt 0.375000 0.750000
vt 0.625000 0.750000
vt 0.375000 0.500000
vt 0.625000 0.500000
s 0
f 41/71/31 42/74/31 44/79/31 43/77/31
f 43/77/32 44/79/32 48/84/32 47/83/32
f 47/83/33 48/84/33 46/82/33 45/81/33
f 45/81/34 46/82/34 42/75/34 41/72/34
f 43/78/35 47/83/35 45/81/35 41/73/35
f 48/84/36 44/80/36 42/76/36 46/82/36
o Cube.006
v 0.615545 -2.235353 -10.372025
v 0.615545 0.967782 -10.396743
v 0.595632 -2.218837 -8.231654
v 0.595632 0.984298 -8.256372
v -0.730014 -2.235450 -10.384542
v -0.730014 0.967685 -10.409261
v -0.749927 -2.218933 -8.244172
v -0.749927 0.984202 -8.268889
vn 1.0000 0.0001 0.0093
vn -0.0093 0.0077 0.9999
vn -1.0000 -0.0001 -0.0093
vn 0.0093 -0.0077 -0.9999
vn -0.0000 -1.0000 0.0077
vn -0.0000 1.0000 -0.0077
vt 0.375000 0.000000
vt 0.375000 1.000000
vt 0.125000 0.750000
vt 0.625000 0.000000
vt 0.625000 1.000000
vt 0.875000 0.750000
vt 0.375000 0.250000
vt 0.125000 0.500000
vt 0.625000 0.250000
vt 0.875000 0.500000
vt 0.375000 0.750000
vt 0.625000 0.750000
vt 0.375000 0.500000
vt 0.625000 0.500000
s 0
f 49/85/37 50/88/37 52/93/37 51/91/37
f 51/91/38 52/93/38 56/98/38 55/97/38
f 55/97/39 56/98/39 54/96/39 53/95/39
f 53/95/40 54/96/40 50/89/40 49/86/40
f 51/92/41 55/97/41 53/95/41 49/87/41
f 56/98/42 52/94/42 50/90/42 54/96/42
o Cube.007
v 0.615545 -1.934968 -10.673547
v 0.615545 1.268167 -10.698264
v 0.595632 -1.918451 -8.533175
v 0.595632 1.284684 -8.557894
v -0.730014 -1.935065 -10.686064
v -0.730014 1.268071 -10.710782
v -0.749927 -1.918548 -8.545693
v -0.749927 1.284587 -8.570411
vn 1.0000 0.0001 0.0093
vn -0.0093 0.0077 0.9999
vn -1.0000 -0.0001 -0.0093
vn 0.0093 -0.0077 -0.9999
vn -0.0000 -1.0000 0.0077
vn -0.0000 1.0000 -0.0077
vt 0.375000 0.000000
vt 0.375000 1.000000
vt 0.125000 0.750000
vt 0.625000 0.000000
vt 0.625000 1.000000
vt 0.875000 0.750000
vt 0.375000 0.250000
vt 0.125000 0.500000
vt 0.625000 0.250000
vt 0.875000 0.500000
vt 0.375000 0.750000
vt 0.625000 0.750000
vt 0.375000 0.500000
vt 0.625000 0.500000
s 0
f 57/99/43 58/102/43 60/107/43 59/105/43
f 59/105/44 60/107/44 64/112/44 63/111/44
f 63/111/45 64/112/45 62/110/45 61/109/45
f 61/109/46 62/110/46 58/103/46 57/100/46
f 59/106/47 63/111/47 61/109/47 57/101/47
f 64/112/48 60/108/48 58/104/48 62/110/48
o Cube.008
v 0.615545 -1.632885 -10.974454
v 0.615545 1.570250 -10.999171
v 0.595632 -1.616369 -8.834083
v 0.595632 1.586767 -8.858801
v -0.730014 -1.632982 -10.986971
v -0.730014 1.570153 -11.011689
v -0.749927 -1.616465 -8.846601
v -0.749927 1.586670 -8.871318
vn 1.0000 0.0001 0.0093
vn -0.0093 0.0077 0.9999
vn -1.0000 -0.0001 -0.0093
vn 0.0093 -0.0077 -0.9999
vn -0.0000 -1.0000 0.0077
vn -0.0000 1.0000 -0.0077
vt 0.375000 0.000000
vt 0.375000 1.000000
vt 0.125000 0.750000
vt 0.625000 0.000000
vt 0.625000 1.000000
vt 0.875000 0.750000
vt 0.375000 0.250000
vt 0.125000 0.500000
vt 0.625000 0.250000
vt 0.875000 0.500000
vt 0.375000 0.750000
vt 0.625000 0.750000
vt 0.375000 0.500000
vt 0.625000 0.500000
s 0
f 65/113/49 66/116/49 68/121/49 67/119/49
f 67/119/50 68/121/50 72/126/50 71/125/50
f 71/125/51 72/126/51 70/124/51 69/123/51
f 69/123/52 70/124/52 66/117/52 65/114/52
f 67/120/53 71/125/53 69/123/53 65/115/53
f 72/126/54 68/122/54 66/118/54 70/124/54
o Cube.009
v 0.615545 0.191131 -12.783025
v 0.615545 3.394266 -12.807742
v 0.595632 0.207647 -10.642653
v 0.595632 3.410783 -10.667372
v -0.730014 0.191034 -12.795542
v -0.730014 3.394169 -12.820260
v -0.749927 0.207551 -10.655171
v -0.749927 3.410686 -10.679889
vn 1.0000 0.0001 0.0093
vn -0.0093 0.0077 0.9999
vn -1.0000 -0.0001 -0.0093
vn 0.0093 -0.0077 -0.9999
vn -0.0000 -1.0000 0.0077
vn -0.0000 1.0000 -0.0077
vt 0.375000 0.000000
vt 0.375000 1.000000
vt 0.125000 0.750000
vt 0.625000 0.000000
vt 0.625000 1.000000
vt 0.875000 0.750000
vt 0.375000 0.250000
vt 0.125000 0.500000
vt 0.625000 0.250000
vt 0.875000 0.500000
vt 0.375000 0.750000
vt 0.625000 0.750000
vt 0.375000 0.500000
vt 0.625000 0.500000
s 0
f 73/127/55 74/130/55 76/135/55 75/133/55
f 75/133/56 76/135/56 80/140/56 79/139/56
f 79/139/57 80/140/57 78/138/57 77/137/57
f 77/137/58 78/138/58 74/131/58 73/128/58
f 75/134/59 79/139/59 77/137/59 73/129/59
f 80/140/60 76/136/60 74/132/60 78/138/60
o Cube.010
v 0.615545 -0.110952 -12.482118
v 0.615545 3.092183 -12.506835
v 0.595632 -0.094435 -10.341746
v 0.595632 3.108700 -10.366465
v -0.730014 -0.111048 -12.494635
v -0.730014 3.092087 -12.519353
v -0.749927 -0.094532 -10.354264
v -0.749927 3.108603 -10.378982
vn 1.0000 0.0001 0.0093
vn -0.0093 0.0077 0.9999
vn -1.0000 -0.0001 -0.0093
vn 0.0093 -0.0077 -0.9999
vn -0.0000 -1.0000 0.0077
vn -0.0000 1.0000 -0.0077
vt 0.375000 0.000000
vt 0.375000 1.000000
vt 0.125000 0.750000
vt 0.625000 0.000000
vt 0.625000 1.000000
vt 0.875000 0.750000
vt 0.375000 0.250000
vt 0.125000 0.500000
vt 0.625000 0.250000
vt 0.875000 0.500000
vt 0.375000 0.750000
vt 0.625000 0.750000
vt 0.375000 0.500000
vt 0.625000 0.500000
s 0
f 81/141/61 82/144/61 84/149/61 83/147/61
f 83/147/62 84/149/62 88/154/62 87/153/62
f 87/153/63 88/154/63 86/152/63 85/151/63
f 85/151/64 86/152/64 82/145/64 81/142/64
f 83/148/65 87/153/65 85/151/65 81/143/65
f 88/154/66 84/150/66 82/146/66 86/152/66
o Cube.011
v 0.615545 -0.411337 -12.180596
v 0.615545 2.791798 -12.205314
v 0.595632 -0.394821 -10.040225
v 0.595632 2.808315 -10.064943
v -0.730014 -0.411434 -12.193113
v -0.730014 2.791701 -12.217832
v -0.749927 -0.394917 -10.052743
v -0.749927 2.808218 -10.077460
vn 1.0000 0.0001 0.0093
vn -0.0093 0.0077 0.9999
vn -1.0000 -0.0001 -0.0093
vn 0.0093 -0.0077 -0.9999
vn -0.0000 -1.0000 0.0077
vn -0.0000 1.0000 -0.0077
vt 0.375000 0.000000
vt 0.375000 1.000000
vt 0.125000 0.750000
vt 0.625000 0.000000
vt 0.625000 1.000000
vt 0.875000 0.750000
vt 0.375000 0.250000
vt 0.125000 0.500000
vt 0.625000 0.250000
vt 0.875000 0.500000
vt 0.375000 0.750000
vt 0.625000 0.750000
vt 0.375000 0.500000
vt 0.625000 0.500000
s 0
f 89/155/67 90/158/67 92/163/67 91/161/67
f 91/161/68 92/163/68 96/168/68 95/167/68
f 95/167/69 96/168/69 94/166/69 93/165/69
f 93/165/70 94/166/70 90/159/70 89/156/70
f 91/162/71 95/167/71 93/165/71 89/157/71
f 96/168/72 92/164/72 90/160/72 94/166/72
o Cube.012
v 0.615545 -0.714295 -11.874574
v 0.615545 2.488840 -11.899291
v 0.595632 -0.697778 -9.734202
v 0.595632 2.505357 -9.758921
v -0.730014 -0.714391 -11.887091
v -0.730014 2.488744 -11.911809
v -0.749927 -0.697875 -9.746720
v -0.749927 2.505260 -9.771438
vn 1.0000 0.0001 0.0093
vn -0.0093 0.0077 0.9999
vn -1.0000 -0.0001 -0.0093
vn 0.0093 -0.0077 -0.9999
vn -0.0000 -1.0000 0.0077
vn -0.0000 1.0000 -0.0077
vt 0.375000 0.000000
vt 0.375000 1.000000
vt 0.125000 0.750000
vt 0.625000 0.000000
vt 0.625000 1.000000
vt 0.875000 0.750000
vt 0.375000 0.250000
vt 0.125000 0.500000
vt 0.625000 0.250000
vt 0.875000 0.500000
vt 0.375000 0.750000
vt 0.625000 0.750000
vt 0.375000 0.500000
vt 0.625000 0.500000
s 0
f 97/169/73 98/172/73 100/177/73 99/175/73
f 99/175/74 100/177/74 104/182/74 103/181/74
f 103/181/75 104/182/75 102/180/75 101/179/75
f 101/179/76 102/180/76 98/173/76 97/170/76
f 99/176/77 103/181/77 101/179/77 97/171/77
f 104/182/78 100/178/78 98/174/78 102/180/78
o Cube.013
v 0.615545 -1.028374 -11.573503
v 0.615545 2.174761 -11.598220
v 0.595632 -1.011858 -9.433131
v 0.595632 2.191278 -9.457850
v -0.730014 -1.028471 -11.586020
v -0.730014 2.174664 -11.610738
v -0.749927 -1.011954 -9.445649
v -0.749927 2.191181 -9.470366
vn 1.0000 0.0001 0.0093
vn -0.0093 0.0077 0.9999
vn -1.0000 -0.0001 -0.0093
vn 0.0093 -0.0077 -0.9999
vn -0.0000 -1.0000 0.0077
vn -0.0000 1.0000 -0.0077
vt 0.375000 0.000000
vt 0.375000 1.000000
vt 0.125000 0.750000
vt 0.625000 0.000000
vt 0.625000 1.000000
vt 0.875000 0.750000
vt 0.375000 0.250000
vt 0.125000 0.500000
vt 0.625000 0.250000
vt 0.875000 0.500000
vt 0.375000 0.750000
vt 0.625000 0.750000
vt 0.375000 0.500000
vt 0.625000 0.500000
s 0
f 105/183/79 106/186/79 108/191/79 107/189/79
f 107/189/80 108/191/80 112/196/80 111/195/80
f 111/195/81 112/196/81 110/194/81 109/193/81
f 109/193/82 110/194/82 106/187/82 105/184/82
f 107/190/83 111/195/83 109/193/83 105/185/83
f 112/196/84 108/192/84 106/188/84 110/194/84
o Cube.014
v 0.615545 -1.327415 -11.272038
v 0.615545 1.875720 -11.296756
v 0.595632 -1.310898 -9.131667
v 0.595632 1.892237 -9.156385
v -0.730014 -1.327511 -11.284555
v -0.730014 1.875624 -11.309274
v -0.749927 -1.310995 -9.144185
v -0.749927 1.892141 -9.168902
vn 1.0000 0.0001 0.0093
vn -0.0093 0.0077 0.9999
vn -1.0000 -0.0001 -0.0093
vn 0.0093 -0.0077 -0.9999
vn -0.0000 -1.0000 0.0077
vn -0.0000 1.0000 -0.0077
vt 0.375000 0.000000
vt 0.375000 1.000000
vt 0.125000 0.750000
vt 0.625000 0.000000
vt 0.625000 1.000000
vt 0.875000 0.750000
vt 0.375000 0.250000
vt 0.125000 0.500000
vt 0.625000 0.250000
vt 0.875000 0.500000
vt 0.375000 0.750000
vt 0.625000 0.750000
vt 0.375000 0.500000
vt 0.625000 0.500000
s 0
f 113/197/85 114/200/85 116/205/85 115/203/85
f 115/203/86 116/205/86 120/210/86 119/209/86
f 119/209/87 120/210/87 118/208/87 117/207/87
f 117/207/88 118/208/88 114/201/88 113/198/88
f 115/204/89 119/209/89 117/207/89 113/199/89
f 120/210/90 116/206/90 114/202/90 118/208/90
o Cube.015
v 0.615545 -1.634022 -11.272038
v 0.615545 1.569113 -11.296756
v 0.595632 -1.617506 -9.131667
v 0.595632 1.585630 -9.156385
v -0.730014 -1.634119 -11.284555
v -0.730014 1.569016 -11.309274
v -0.749927 -1.617602 -9.144185
v -0.749927 1.585533 -9.168902
vn 1.0000 0.0001 0.0093
vn -0.0093 0.0077 0.9999
vn -1.0000 -0.0001 -0.0093
vn 0.0093 -0.0077 -0.9999
vn -0.0000 -1.0000 0.0077
vn -0.0000 1.0000 -0.0077
vt 0.375000 0.000000
vt 0.375000 1.000000
vt 0.125000 0.750000
vt 0.625000 0.000000
vt 0.625000 1.000000
vt 0.875000 0.750000
vt 0.375000 0.250000
vt 0.125000 0.500000
vt 0.625000 0.250000
vt 0.875000 0.500000
vt 0.375000 0.750000
vt 0.625000 0.750000
vt 0.375000 0.500000
vt 0.625000 0.500000
s 0
f 121/211/91 122/214/91 124/219/91 123/217/91
f 123/217/92 124/219/92 128/224/92 127/223/92
f 127/223/93 128/224/93 126/222/93 125/221/93
f 125/221/94 126/222/94 122/215/94 121/212/94
f 123/218/95 127/223/95 125/221/95 121/213/95
f 128/224/96 124/220/96 122/216/96 126/222/96
o Cube.016
v 0.615545 1.986736 -14.898458
v 0.615545 5.189871 -14.923175
v 0.595632 2.003252 -12.758086
v 0.595632 5.206388 -12.782804
v -0.730014 1.986639 -14.910975
v -0.730014 5.189775 -14.935693
v -0.749927 2.003156 -12.770604
v -0.749927 5.206291 -12.795321
vn 1.0000 0.0001 0.0093
vn -0.0093 0.0077 0.9999
vn -1.0000 -0.0001 -0.0093
vn 0.0093 -0.0077 -0.9999
vn -0.0000 -1.0000 0.0077
vn -0.0000 1.0000 -0.0077
vt 0.375000 0.000000
vt 0.375000 1.000000
vt 0.125000 0.750000
vt 0.625000 0.000000
vt 0.625000 1.000000
vt 0.875000 0.750000
vt 0.375000 0.250000
vt 0.125000 0.500000
vt 0.625000 0.250000
vt 0.875000 0.500000
vt 0.375000 0.750000
vt 0.625000 0.750000
vt 0.375000 0.500000
vt 0.625000 0.500000
s 0
f 129/225/97 130/228/97 132/233/97 131/231/97
f 131/231/98 132/233/98 136/238/98 135/237/98
f 135/237/99 136/238/99 134/236/99 133/235/99
f 133/235/100 134/236/100 130/229/100 129/226/100
f 131/232/101 135/237/101 133/235/101 129/227/101
f 136/238/102 132/234/102 130/230/102 134/236/102
o Cube.017
v 0.615545 2.293343 -14.898458
v 0.615545 5.496478 -14.923175
v 0.595632 2.309860 -12.758086
v 0.595632 5.512995 -12.782804
v -0.730014 2.293247 -14.910975
v -0.730014 5.496382 -14.935693
v -0.749927 2.309763 -12.770604
v -0.749927 5.512898 -12.795321
vn 1.0000 0.0001 0.0093
vn -0.0093 0.0077 0.9999
vn -1.0000 -0.0001 -0.0093
vn 0.0093 -0.0077 -0.9999
vn -0.0000 -1.0000 0.0077
vn -0.0000 1.0000 -0.0077
vt 0.375000 0.000000
vt 0.375000 1.000000
vt 0.125000 0.750000
vt 0.625000 0.000000
vt 0.625000 1.000000
vt 0.875000 0.750000
vt 0.375000 0.250000
vt 0.125000 0.500000
vt 0.625000 0.250000
vt 0.875000 0.500000
vt 0.375000 0.750000
vt 0.625000 0.750000
vt 0.375000 0.500000
vt 0.625000 0.500000
s 0
f 137/239/103 138/242/103 140/247/103 139/245/103
f 139/245/104 140/247/104 144/252/104 143/251/104
f 143/251/105 144/252/105 142/250/105 141/249/105
f 141/249/106 142/250/106 138/243/106 137/240/106
f 139/246/107 143/251/107 141/249/107 137/241/107
f 144/252/108 140/248/108 138/244/108 142/250/108
o Cube.018
v 0.615545 2.592384 -15.199918
v 0.615545 5.795519 -15.224635
v 0.595632 2.608900 -13.059546
v 0.595632 5.812036 -13.084265
v -0.730014 2.592287 -15.212435
v -0.730014 5.795423 -15.237153
v -0.749927 2.608804 -13.072064
v -0.749927 5.811939 -13.096782
vn 1.0000 0.0001 0.0093
vn -0.0093 0.0077 0.9999
vn -1.0000 -0.0001 -0.0093
vn 0.0093 -0.0077 -0.9999
vn -0.0000 -1.0000 0.0077
vn -0.0000 1.0000 -0.0077
vt 0.375000 0.000000
vt 0.375000 1.000000
vt 0.125000 0.750000
vt 0.625000 0.000000
vt 0.625000 1.000000
vt 0.875000 0.750000
vt 0.375000 0.250000
vt 0.125000 0.500000
vt 0.625000 0.250000
vt 0.875000 0.500000
vt 0.375000 0.750000
vt 0.625000 0.750000
vt 0.375000 0.500000
vt 0.625000 0.500000
s 0
f 145/253/109 146/256/109 148/261/109 147/259/109
f 147/259/110 148/261/110 152/266/110 151/265/110
f 151/265/111 152/266/111 150/264/111 149/263/111
f 149/263/112 150/264/112 146/257/112 145/254/112
f 147/260/113 151/265/113 149/263/113 145/255/113
f 152/266/114 148/262/114 146/258/114 150/264/114
o Cube.019
v 0.615545 2.906463 -15.500989
v 0.615545 6.109599 -15.525706
v 0.595632 2.922980 -13.360618
v 0.595632 6.126115 -13.385336
v -0.730014 2.906367 -15.513506
v -0.730014 6.109502 -15.538224
v -0.749927 2.922884 -13.373136
v -0.749927 6.126019 -13.397853
vn 1.0000 0.0001 0.0093
vn -0.0093 0.0077 0.9999
vn -1.0000 -0.0001 -0.0093
vn 0.0093 -0.0077 -0.9999
vn -0.0000 -1.0000 0.0077
vn -0.0000 1.0000 -0.0077
vt 0.375000 0.000000
vt 0.375000 1.000000
vt 0.125000 0.750000
vt 0.625000 0.000000
vt 0.625000 1.000000
vt 0.875000 0.750000
vt 0.375000 0.250000
vt 0.125000 0.500000
vt 0.625000 0.250000
vt 0.875000 0.500000
vt 0.375000 0.750000
vt 0.625000 0.750000
vt 0.375000 0.500000
vt 0.625000 0.500000
s 0
f 153/267/115 154/270/115 156/275/115 155/273/115
f 155/273/116 156/275/116 160/280/116 159/279/116
f 159/279/117 160/280/117 158/278/117 157/277/117
f 157/277/118 158/278/118 154/271/118 153/268/118
f 155/274/119 159/279/119 157/277/119 153/269/119
f 160/280/120 156/276/120 154/272/120 158/278/120
o Cube.020
v 0.615545 3.209421 -15.807012
v 0.615545 6.412556 -15.831729
v 0.595632 3.225938 -13.666640
v 0.595632 6.429073 -13.691359
v -0.730014 3.209324 -15.819529
v -0.730014 6.412459 -15.844247
v -0.749927 3.225841 -13.679158
v -0.749927 6.428976 -13.703876
vn 1.0000 0.0001 0.0093
vn -0.0093 0.0077 0.9999
vn -1.0000 -0.0001 -0.0093
vn 0.0093 -0.0077 -0.9999
vn -0.0000 -1.0000 0.0077
vn -0.0000 1.0000 -0.0077
vt 0.375000 0.000000
vt 0.375000 1.000000
vt 0.125000 0.750000
vt 0.625000 0.000000
vt 0.625000 1.000000
vt 0.875000 0.750000
vt 0.375000 0.250000
vt 0.125000 0.500000
vt 0.625000 0.250000
vt 0.875000 0.500000
vt 0.375000 0.750000
vt 0.625000 0.750000
vt 0.375000 0.500000
vt 0.625000 0.500000
s 0
f 161/281/121 162/284/121 164/289/121 163/287/121
f 163/287/122 164/289/122 168/294/122 167/293/122
f 167/293/123 168/294/123 166/292/123 165/291/123
f 165/291/124 166/292/124 162/285/124 161/282/124
f 163/288/125 167/293/125 165/291/125 161/283/125
f 168/294/126 164/290/126 162/286/126 166/292/126
o Cube.021
v 0.615545 3.509806 -16.108532
v 0.615545 6.712942 -16.133251
v 0.595632 3.526323 -13.968162
v 0.595632 6.729458 -13.992880
v -0.730014 3.509710 -16.121050
v -0.730014 6.712845 -16.145767
v -0.749927 3.526227 -13.980680
v -0.749927 6.729362 -14.005397
vn 1.0000 0.0001 0.0093
vn -0.0093 0.0077 0.9999
vn -1.0000 -0.0001 -0.0093
vn 0.0093 -0.0077 -0.9999
vn -0.0000 -1.0000 0.0077
vn -0.0000 1.0000 -0.0077
vt 0.375000 0.000000
vt 0.375000 1.000000
vt 0.125000 0.750000
vt 0.625000 0.000000
vt 0.625000 1.000000
vt 0.875000 0.750000
vt 0.375000 0.250000
vt 0.125000 0.500000
vt 0.625000 0.250000
vt 0.875000 0.500000
vt 0.375000 0.750000
vt 0.625000 0.750000
vt 0.375000 0.500000
vt 0.625000 0.500000
s 0
f 169/295/127 170/298/127 172/303/127 171/301/127
f 171/301/128 172/303/128 176/308/128 175/307/128
f 175/307/129 176/308/129 174/306/129 173/305/129
f 173/305/130 174/306/130 170/299/130 169/296/130
f 171/302/131 175/307/131 173/305/131 169/297/131
f 176/308/132 172/304/132 170/300/132 174/306/132
o Cube.022
v 0.615545 3.811889 -16.409443
v 0.615545 7.015024 -16.434162
v 0.595632 3.828406 -14.269073
v 0.595632 7.031541 -14.293791
v -0.730014 3.811792 -16.421961
v -0.730014 7.014928 -16.446678
v -0.749927 3.828309 -14.281590
v -0.749927 7.031445 -14.306308
vn 1.0000 0.0001 0.0093
vn -0.0093 0.0077 0.9999
vn -1.0000 -0.0001 -0.0093
vn 0.0093 -0.0077 -0.9999
vn -0.0000 -1.0000 0.0077
vn -0.0000 1.0000 -0.0077
vt 0.375000 0.000000
vt 0.375000 1.000000
vt 0.125000 0.750000
vt 0.625000 0.000000
vt 0.625000 1.000000
vt 0.875000 0.750000
vt 0.375000 0.250000
vt 0.125000 0.500000
vt 0.625000 0.250000
vt 0.875000 0.500000
vt 0.375000 0.750000
vt 0.625000 0.750000
vt 0.375000 0.500000
vt 0.625000 0.500000
s 0
f 177/309/133 178/312/133 180/317/133 179/315/133
f 179/315/134 180/317/134 184/322/134 183/321/134
f 183/321/135 184/322/135 182/320/135 181/319/135
f 181/319/136 182/320/136 178/313/136 177/310/136
f 179/316/137 183/321/137 181/319/137 177/311/137
f 184/322/138 180/318/138 178/314/138 182/320/138
o Cube.023
v 0.615545 1.987873 -14.600873
v 0.615545 5.191008 -14.625590
v 0.595632 2.004389 -12.460502
v 0.595632 5.207524 -12.485220
v -0.730014 1.987776 -14.613390
v -0.730014 5.190911 -14.638108
v -0.749927 2.004293 -12.473020
v -0.749927 5.207428 -12.497737
vn 1.0000 0.0001 0.0093
vn -0.0093 0.0077 0.9999
vn -1.0000 -0.0001 -0.0093
vn 0.0093 -0.0077 -0.9999
vn -0.0000 -1.0000 0.0077
vn -0.0000 1.0000 -0.0077
vt 0.375000 0.000000
vt 0.375000 1.000000
vt 0.125000 0.750000
vt 0.625000 0.000000
vt 0.625000 1.000000
vt 0.875000 0.750000
vt 0.375000 0.250000
vt 0.125000 0.500000
vt 0.625000 0.250000
vt 0.875000 0.500000
vt 0.375000 0.750000
vt 0.625000 0.750000
vt 0.375000 0.500000
vt 0.625000 0.500000
s 0
f 185/323/139 186/326/139 188/331/139 187/329/139
f 187/329/140 188/331/140 192/336/140 191/335/140
f 191/335/141 192/336/141 190/334/141 189/333/141
f 189/333/142 190/334/142 186/327/142 185/324/142
f 187/330/143 191/335/143 189/333/143 185/325/143
f 192/336/144 188/332/144 186/328/144 190/334/144
o Cube.024
v 0.615545 1.685790 -14.299962
v 0.615545 4.888926 -14.324679
v 0.595632 1.702307 -12.159591
v 0.595632 4.905442 -12.184309
v -0.730014 1.685694 -14.312479
v -0.730014 4.888829 -14.337197
v -0.749927 1.702210 -12.172109
v -0.749927 4.905345 -12.196826
vn 1.0000 0.0001 0.0093
vn -0.0093 0.0077 0.9999
vn -1.0000 -0.0001 -0.0093
vn 0.0093 -0.0077 -0.9999
vn -0.0000 -1.0000 0.0077
vn -0.0000 1.0000 -0.0077
vt 0.375000 0.000000
vt 0.375000 1.000000
vt 0.125000 0.750000
vt 0.625000 0.000000
vt 0.625000 1.000000
vt 0.875000 0.750000
vt 0.375000 0.250000
vt 0.125000 0.500000
vt 0.625000 0.250000
vt 0.875000 0.500000
vt 0.375000 0.750000
vt 0.625000 0.750000
vt 0.375000 0.500000
vt 0.625000 0.500000
s 0
f 193/337/145 194/340/145 196/345/145 195/343/145
f 195/343/146 196/345/146 200/350/146 199/349/146
f 199/349/147 200/350/147 198/348/147 197/347/147
f 197/347/148 198/348/148 194/341/148 193/338/148
f 195/344/149 199/349/149 197/347/149 193/339/149
f 200/350/150 196/346/150 194/342/150 198/348/150
o Cube.025
v 0.615545 1.385405 -13.998441
v 0.615545 4.588540 -14.023158
v 0.595632 1.401921 -11.858069
v 0.595632 4.605057 -11.882788
v -0.730014 1.385308 -14.010958
v -0.730014 4.588443 -14.035676
v -0.749927 1.401825 -11.870587
v -0.749927 4.604960 -11.895305
vn 1.0000 0.0001 0.0093
vn -0.0093 0.0077 0.9999
vn -1.0000 -0.0001 -0.0093
vn 0.0093 -0.0077 -0.9999
vn -0.0000 -1.0000 0.0077
vn -0.0000 1.0000 -0.0077
vt 0.375000 0.000000
vt 0.375000 1.000000
vt 0.125000 0.750000
vt 0.625000 0.000000
vt 0.625000 1.000000
vt 0.875000 0.750000
vt 0.375000 0.250000
vt 0.125000 0.500000
vt 0.625000 0.250000
vt 0.875000 0.500000
vt 0.375000 0.750000
vt 0.625000 0.750000
vt 0.375000 0.500000
vt 0.625000 0.500000
s 0
f 201/351/151 202/354/151 204/359/151 203/357/151
f 203/357/152 204/359/152 208/364/152 207/363/152
f 207/363/153 208/364/153 206/362/153 205/361/153
f 205/361/154 206/362/154 202/355/154 201/352/154
f 203/358/155 207/363/155 205/361/155 201/353/155
f 208/364/156 204/360/156 202/356/156 206/362/156
o Cube.026
v 0.615545 1.082447 -13.692418
v 0.615545 4.285583 -13.717135
v 0.595632 1.098964 -11.552047
v 0.595632 4.302099 -11.576765
v -0.730014 1.082350 -13.704935
v -0.730014 4.285486 -13.729653
v -0.749927 1.098867 -11.564565
v -0.749927 4.302002 -11.589282
vn 1.0000 0.0001 0.0093
vn -0.0093 0.0077 0.9999
vn -1.0000 -0.0001 -0.0093
vn 0.0093 -0.0077 -0.9999
vn -0.0000 -1.0000 0.0077
vn -0.0000 1.0000 -0.0077
vt 0.375000 0.000000
vt 0.375000 1.000000
vt 0.125000 0.750000
vt 0.625000 0.000000
vt 0.625000 1.000000
vt 0.875000 0.750000
vt 0.375000 0.250000
vt 0.125000 0.500000
vt 0.625000 0.250000
vt 0.875000 0.500000
vt 0.375000 0.750000
vt 0.625000 0.750000
vt 0.375000 0.500000
vt 0.625000 0.500000
s 0
f 209/365/157 210/368/157 212/373/157 211/371/157
f 211/371/158 212/373/158 216/378/158 215/377/158
f 215/377/159 216/378/159 214/376/159 213/375/159
f 213/375/160 214/376/160 210/369/160 209/366/160
f 211/372/161 215/377/161 213/375/161 209/367/161
f 216/378/162 212/374/162 210/370/162 214/376/162
o Cube.027
v 0.615545 0.768368 -13.391347
v 0.615545 3.971503 -13.416064
v 0.595632 0.784884 -11.250976
v 0.595632 3.988020 -11.275694
v -0.730014 0.768271 -13.403864
v -0.730014 3.971406 -13.428582
v -0.749927 0.784788 -11.263494
v -0.749927 3.987923 -11.288211
vn 1.0000 0.0001 0.0093
vn -0.0093 0.0077 0.9999
vn -1.0000 -0.0001 -0.0093
vn 0.0093 -0.0077 -0.9999
vn -0.0000 -1.0000 0.0077
vn -0.0000 1.0000 -0.0077
vt 0.375000 0.000000
vt 0.375000 1.000000
vt 0.125000 0.750000
vt 0.625000 0.000000
vt 0.625000 1.000000
vt 0.875000 0.750000
vt 0.375000 0.250000
vt 0.125000 0.500000
vt 0.625000 0.250000
vt 0.875000 0.500000
vt 0.375000 0.750000
vt 0.625000 0.750000
vt 0.375000 0.500000
vt 0.625000 0.500000
s 0
f 217/379/163 218/382/163 220/387/163 219/385/163
f 219/385/164 220/387/164 224/392/164 223/391/164
f 223/391/165 224/392/165 222/390/165 221/389/165
f 221/389/166 222/390/166 218/383/166 217/380/166
f 219/386/167 223/391/167 221/389/167 217/381/167
f 224/392/168 220/388/168 218/384/168 222/390/168
o Cube.028
v 0.615545 0.469327 -13.089887
v 0.615545 3.672462 -13.114604
v 0.595632 0.485844 -10.949515
v 0.595632 3.688979 -10.974234
v -0.730014 0.469231 -13.102404
v -0.730014 3.672366 -13.127122
v -0.749927 0.485747 -10.962033
v -0.749927 3.688883 -10.986751
vn 1.0000 0.0001 0.0093
vn -0.0093 0.0077 0.9999
vn -1.0000 -0.0001 -0.0093
vn 0.0093 -0.0077 -0.9999
vn -0.0000 -1.0000 0.0077
vn -0.0000 1.0000 -0.0077
vt 0.375000 0.000000
vt 0.375000 1.000000
vt 0.125000 0.750000
vt 0.625000 0.000000
vt 0.625000 1.000000
vt 0.875000 0.750000
vt 0.375000 0.250000
vt 0.125000 0.500000
vt 0.625000 0.250000
vt 0.875000 0.500000
vt 0.375000 0.750000
vt 0.625000 0.750000
vt 0.375000 0.500000
vt 0.625000 0.500000
s 0
f 225/393/169 226/396/169 228/401/169 227/399/169
f 227/399/170 228/401/170 232/406/170 231/405/170
f 231/405/171 232/406/171 230/404/171 229/403/171
f 229/403/172 230/404/172 226/397/172 225/394/172
f 227/400/173 231/405/173 229/403/173 225/395/173
f 232/406/174 228/402/174 226/398/174 230/404/174
o Cube.029
v 0.615545 0.162720 -13.089887
v 0.615545 3.365855 -13.114604
v 0.595632 0.179236 -10.949515
v 0.595632 3.382371 -10.974234
v -0.730014 0.162623 -13.102404
v -0.730014 3.365758 -13.127122
v -0.749927 0.179140 -10.962033
v -0.749927 3.382275 -10.986751
vn 1.0000 0.0001 0.0093
vn -0.0093 0.0077 0.9999
vn -1.0000 -0.0001 -0.0093
vn 0.0093 -0.0077 -0.9999
vn -0.0000 -1.0000 0.0077
vn -0.0000 1.0000 -0.0077
vt 0.375000 0.000000
vt 0.375000 1.000000
vt 0.125000 0.750000
vt 0.625000 0.000000
vt 0.625000 1.000000
vt 0.875000 0.750000
vt 0.375000 0.250000
vt 0.125000 0.500000
vt 0.625000 0.250000
vt 0.875000 0.500000
vt 0.375000 0.750000
vt 0.625000 0.750000
vt 0.375000 0.500000
vt 0.625000 0.500000
s 0
f 233/407/175 234/410/175 236/415/175 235/413/175
f 235/413/176 236/415/176 240/420/176 239/419/176
f 239/419/177 240/420/177 238/418/177 237/417/177
f 237/417/178 238/418/178 234/411/178 233/408/178
f 235/414/179 239/419/179 237/417/179 233/409/179
f 240/420/180 236/416/180 234/412/180 238/418/180
o Cube.030
v 0.502013 3.619180 -16.106329
v 0.502013 6.001220 -16.124712
v 0.502007 3.619185 -16.105623
v 0.502007 6.001225 -16.124006
v -0.974538 3.619074 -16.120066
v -0.974538 6.001114 -16.138449
v -0.974544 3.619079 -16.119360
v -0.974544 6.001120 -16.137743
vn 1.0000 0.0001 0.0093
vn -0.0093 0.0077 0.9999
vn -1.0000 -0.0001 -0.0093
vn 0.0093 -0.0077 -0.9999
vn -0.0000 -1.0000 0.0077
vn -0.0000 1.0000 -0.0077
vt 0.375000 0.000000
vt 0.375000 1.000000
vt 0.125000 0.750000
vt 0.625000 0.000000
vt 0.625000 1.000000
vt 0.875000 0.750000
vt 0.375000 0.250000
vt 0.125000 0.500000
vt 0.625000 0.250000
vt 0.875000 0.500000
vt 0.375000 0.750000
vt 0.625000 0.750000
vt 0.375000 0.500000
vt 0.625000 0.500000
s 0
f 241/421/181 242/424/181 244/429/181 243/427/181
f 243/427/182 244/429/182 248/434/182 247/433/182
f 247/433/183 248/434/183 246/432/183 245/431/183
f 245/431/184 246/432/184 242/425/184 241/422/184
f 243/428/185 247/433/185 245/431/185 241/423/185
f 248/434/186 244/430/186 242/426/186 246/432/186
o Cube.031
v 0.594261 -6.000029 -5.161337
v 0.594261 10.912849 -5.291851
v 0.594261 -6.109986 -19.410450
v 0.594261 10.802893 -19.540964
v 0.862247 -6.000029 -5.161337
v 0.862247 10.912849 -5.291851
v 0.862247 -6.109986 -19.410450
v 0.862247 10.802893 -19.540964
vn -1.0000 -0.0000 -0.0000
vn -0.0000 -0.0077 -1.0000
vn 1.0000 -0.0000 -0.0000
vn -0.0000 0.0077 1.0000
vn -0.0000 -1.0000 0.0077
vn -0.0000 1.0000 -0.0077
vt 0.375000 0.000000
vt 0.375000 1.000000
vt 0.125000 0.750000
vt 0.625000 0.000000
vt 0.625000 1.000000
vt 0.875000 0.750000
vt 0.375000 0.250000
vt 0.125000 0.500000
vt 0.625000 0.250000
vt 0.875000 0.500000
vt 0.375000 0.750000
vt 0.625000 0.750000
vt 0.375000 0.500000
vt 0.625000 0.500000
s 0
f 249/435/187 250/438/187 252/443/187 251/441/187
f 251/441/188 252/443/188 256/448/188 255/447/188
f 255/447/189 256/448/189 254/446/189 253/445/189
f 253/445/190 254/446/190 250/439/190 249/436/190
f 251/442/191 255/447/191 253/445/191 249/437/191
f 256/448/192 252/444/192 250/440/192 254/446/192
o Cube.032
v 0.594261 -6.000029 -5.161337
v 0.594261 10.912849 -5.291851
v 0.594261 -6.109986 -19.410450
v 0.594261 10.802893 -19.540964
v 0.862247 -6.000029 -5.161337
v 0.862247 10.912849 -5.291851
v 0.862247 -6.109986 -19.410450
v 0.862247 10.802893 -19.540964
vn -1.0000 -0.0000 -0.0000
vn -0.0000 -0.0077 -1.0000
vn 1.0000 -0.0000 -0.0000
vn -0.0000 0.0077 1.0000
vn -0.0000 -1.0000 0.0077
vn -0.0000 1.0000 -0.0077
vt 0.375000 0.000000
vt 0.375000 1.000000
vt 0.125000 0.750000
vt 0.625000 0.000000
vt 0.625000 1.000000
vt 0.875000 0.750000
vt 0.375000 0.250000
vt 0.125000 0.500000
vt 0.625000 0.250000
vt 0.875000 0.500000
vt 0.375000 0.750000
vt 0.625000 0.750000
vt 0.375000 0.500000
vt 0.625000 0.500000
s 0
f 257/449/193 258/452/193 260/457/193 259/455/193
f 259/455/194 260/457/194 264/462/194 263/461/194
f 263/461/195 264/462/195 262/460/195 261/459/195
f 261/459/196 262/460/196 258/453/196 257/450/196
f 259/456/197 263/461/197 261/459/197 257/451/197
f 264/462/198 260/458/198 258/454/198 262/460/198
o Cube.033
v -0.993092 -6.000029 -5.161337
v -0.993092 10.912849 -5.291851
v -0.993092 -6.109986 -19.410450
v -0.993092 10.802893 -19.540964
v -0.725106 -6.000029 -5.161337
v -0.725106 10.912849 -5.291851
v -0.725106 -6.109986 -19.410450
v -0.725106 10.802893 -19.540964
vn -1.0000 -0.0000 -0.0000
vn -0.0000 -0.0077 -1.0000
vn 1.0000 -0.0000 -0.0000
vn -0.0000 0.0077 1.0000
vn -0.0000 -1.0000 0.0077
vn -0.0000 1.0000 -0.0077
vt 0.375000 0.000000
vt 0.375000 1.000000
vt 0.125000 0.750000
vt 0.625000 0.000000
vt 0.625000 1.000000
vt 0.875000 0.750000
vt 0.375000 0.250000
vt 0.125000 0.500000
vt 0.625000 0.250000
vt 0.875000 0.500000
vt 0.375000 0.750000
vt 0.625000 0.750000
vt 0.375000 0.500000
vt 0.625000 0.500000
s 0
f 265/463/199 266/466/199 268/471/199 267/469/199
f 267/469/200 268/471/200 272/476/200 271/475/200
f 271/475/201 272/476/201 270/474/201 269/473/201
f 269/473/202 270/474/202 266/467/202 265/464/202
f 267/470/203 271/475/203 269/473/203 265/465/203
f 272/476/204 268/472/204 266/468/204 270/474/204
